0.22143365550144534
0.31576892536963475
0.6334376701839235
0.6200822122851668
-0.253018314381404
0.2358027512814771
0.4605658343037189
-0.07866742316768094
0.9079329200404107
0.9149495178062361
-0.09794807509432268
0.48698260209592914
0.3621094922549717
0.44627152384837143
0.6046250886560913
0.37798137698017054
-0.7768246520992037
-0.12170358451831964
0.8452118493728848
0.8098737574156818
-0.2536914325412054
0.6212002242498418
0.1974984750323916
0.027174324330617283
0.4162405943275427
0.7533589966083625
0.5173911516009662
0.4741787198213998
0.5347443923113857
0.08288538076062557
0.6152019153737216
0.3327412866637396
-0.06879187347208648
-0.8443792359495252
-0.5234726937385958
-0.15009990196207856
0.6406599790764871
-0.07808063803257448
-0.6433417898214753
0.5400887865185653
-0.1407267333279103
-0.006392653513185076
0.29691596166006295
-0.7494432618537514
-0.34089593720030287
-0.13973811972506045
0.42048652322390767
-0.8022916507634843
-0.16564027913350055
0.25042787752773243
0.48734567378730054
0.7027551711578519
-0.4372742968898
-0.9426957063120098
0.14496594122574846
-0.588293452842535
-0.8370918032543433
0.49375061025501954
-0.8670920935655082
-0.33485935846339077
-0.3649418331403915
0.9401476622731737
-0.3736100782155696
-0.8475471389727098
0.28162304115437453
-0.7245475451942782
0.11127933086866637
0.38304511276201425
-0.6257547181041141
0.8634993109280091
-0.8010394822911959
0.291799364737825
-0.3671874116556266
0.3115611356109209
-0.1594523017838949
-0.832162804228813
-0.6409113585492381
-0.5066031846328878
-0.5437861482648498
-0.8726848620357981
0.6601325459624092
-0.8064683217749036
-0.7476726107807803
-0.45032816014202526
0.07497617268123635
0.8924864551455485
0.24621799327549
0.026610325338018104
0.5013740460644291
0.41474654260260335
0.7434194164879908
0.7886062482863754
0.9179406635240688
0.010867951839103718
0.024626228724607735
0.6564004134845622
0.1461160786541098
0.8788910543272888
0.3869087245363776
0.6006694074285674
0.8770369164135723
-0.9193615000028466
0.5982642180940376
-0.993491577850099
-0.36857254744256984
-0.5631982698587907
0.3177821689874769
-0.511653458451172
-0.14858026631978127
-0.6549504586052799
-0.15079615124197887
-0.255447876247308
-0.1553601997142009
-0.7723631504618922
-0.8527284409224445
-0.36320907841303507
0.7508587420560509
-0.35675241058664153
-0.5861713133952784
0.31033562819126104
0.35785174206477155
-0.5719445329849389
-0.8247143333445404
-0.8059623757965013
-0.12086036772256525
0.5602886882922988
0.14197245258135638
0.42933354341323593
0.539415554645464
-0.3869354772176319
-0.3952719848196564
0.8187093102922562
0.8225129674664879
0.8765802041058994
-0.0583746509539953
0.9917653622092442
0.07232294030507891
0.770981495159055
-0.4670237091974736
0.711117150889917
-0.430773501437852
0.9861352615525447
-0.2327934136932912
0.030007929581016946
0.22733898378789408
-0.46559777909087674
-0.955961762479618
0.8706692843768724
-0.9562253790639852
-0.034565135829532245
-0.7578846396163674
0.4502292673058945
-0.3803963230189271
0.47224219711043824
-0.6341029734548351
-0.4869992915787964
0.18076008435327462
0.5869157444509325
-0.6322398373025155
-0.9258956410498969
-0.8979873080594154
0.12417252432053627
-0.7186307580405911
-0.8076412769135235
0.3985911399072557
0.6237562138783384
-0.9396894673427445
-0.5452991982494975
-0.6717319836983717
-0.5959930887084153
0.23008120930767917
-0.13815562038636697
-0.5397719971162076
0.6859367670613044
0.0873321722878162
0.9998556718312068
-0.7840355278734719
0.8647969890725895
0.8234262815837343
-0.1055991783797694
-0.46396367854957243
0.6594907409078798
0.6551184591008274
-0.5069136587055982
0.15149948481220998
0.013134073374202915
0.9310109304380878
-0.43134634432008356
-0.1583551467232409
-0.7401750367465327
0.22379380254480252
-0.8750158366259835
0.6800434804187325
0.3057505790333894
0.988496685066893
-0.9484699795242675
0.1211784184939011
0.44329090715719466
-0.7332717091996046
-0.9952614423962765
-0.22631687576585535
0.21295010565506312
0.45475317421124295
-0.5015533028158246
0.12068537814952451
0.4546664872758983
-0.6664819111768079
0.07743337588903243
-0.12644130597459835
-0.05344142077097236
-0.20448432929615734
0.03966822321418162
0.04383569969761769
0.2801773773198959
-0.8052958224765507
-0.5347500021207219
-0.6619850947269914
